dwojka : [[30, -2.0], [30, -2.0], [30, -2.0], [29, -2.0], [31, 5.0], [30, -1.0], [29, -4.5], [31, -4.5], [29, -4.5], [31, 1.5], [31, 1.5], [-1, -90], [31, 2.0], [28, -15.5], [31, -17.0], [30, -18.0], [30, -11.0], [29, -1.5], [31, -2.5], [30, -2.5], [30, -7.0], [30, 1.0], [29, 1.0], [31, 11.5], [30, 20.5], [30, 18.0], [30, 9.0], [30, 9.0], [29, 20.5], [31, 10.0], [29, 14.5], [30, 14.0], [30, 17.5], [30, 8.5], [31, 8.5], [29, 14.5], [30, 14.0], [31, -0.5], [30, 4.5], [29, 4.5], [30, 11.5]]
---
[[29, -3.0], [29, -3.0], [30, -3.0], [30, -3.5], [29, 7.5], [30, -4.0], [30, -1.0], [30, -1.0], [30, -1.0], [31, 3.5], [29, 4.0], [1, -90], [30, -5.0], [31, -5.0], [29, -20.0], [29, -11.0], [30, -5.5], [31, 0.0], [29, 1.0], [31, -1.0], [30, -3.5], [29, -3.5], [31, 3.5], [29, 12.0], [31, 11.0], [30, 20.5], [29, 20.5], [30, 9.0], [31, 17.5], [29, 15.0], [31, 9.0], [29, 20.5], [30, 4.5], [31, 14.0], [29, 13.0], [30, 10.5], [32, 9.0], [28, 3.0], [31, 3.0], [30, 13.0], [29, 9.5], [0, -90], [31, -90]] 

trojka:
[[30, -2.0], [30, -2.0], [29, 7.0], [31, 13.5], [29, 13.5], [31, 3.0], [29, 10.0], [30, 8.5], [30, 8.5], [30, 10.5], [31, 10.5], [30, 19.5], [29, 19.5], [31, 13.0], [29, 13.5], [31, 13.5], [29, 20.0], [30, 9.0], [30, 8.5], [30, 1.0], [30, 1.0], [30, 1.0], [1, -90], [29, 5.5], [31, -7.0], [30, -7.5], [30, 15.5], [29, 15.5], [30, 15.5], [29, 21.0], [32, 21.0], [29, 22.5], [30, 15.5], [31, 15.5], [29, 15.5], [31, 9.5], [30, 9.0], [29, 3.0], [31, 3.0], [0, -90], [29, -90]]

liczby:
#log = [[31, -1.8], [30, -0.6], [30, -0.6], [30, -0.6], [29, -9.0], [30, -6.0], [30, 2.4], [31, 4.8], [29, -46.5], [31, -48.75], [30, -13.2], [30, 3.0], [30, 12.0], [30, -1.2], [29, -0.6], [30, -0.6], [30, -0.6], [30, -0.6], [30, -0.6], [30, -0.6], [31, -55.5], [30, -30.0], [30, -25.2], [29, -2.4], [30, 15.0], [30, 15.6], [30, -1.2], [30, -1.2], [30, -5.4], [30, -45.75], [30, -42.0], [31, -21.0], [30, -4.2], [30, 0.6], [30, 13.8], [30, 8.400001], [29, -3.6], [30, -13.8], [31, -2.4], [29, 4.8], [31, 4.8], [29, -0.6], [30, -0.6], [30, -6.6], [30, -6.6], [31, 0.6], [30, 16.2], [30, 4.2], [28, -6.6], [31, 90], [30, -90]]
#log = [[22, -3.0], [19, 3.6], [20, 3.6], [19, 0.0], [21, -1.8], [20, -1.8], [20, -1.8], [19, -1.2], [20, -5.4], [20, -5.4], [21, 0.0], [19, 0.0], [21, -56.25], [20, -4.2], [20, -15.0], [20, -2.4], [20, -2.4], [20, -9.0], [18, -4.8], [22, 2.4], [20, -0.6], [20, -0.6], [19, -0.6], [20, -9.0], [21, 1.2], [19, 7.8], [21, -0.6], [19, -0.6], [20, -38.25], [21, -23.4], [19, -14.4], [20, -10.2], [21, 0.6], [19, -3.6], [21, -4.8], [20, -6.6], [20, -4.2], [20, 2.4], [19, 2.4], [21, -0.6], [20, -27.0], [19, -27.6], [20, -24.0], [21, -10.8], [20, 0.0], [20, -9.0], [20, 1.2], [21, 2.4], [18, -5.4], [21, -5.4], [20, -1.2], [20, 0.6], [20, 1.2], [20, 0.6], [20, 0.6], [20, 1.2], [19, -3.6], [20, -3.6], [21, 1.2], [19, -4.2], [21, -4.2], [20, 0.6], [18, 8.400001], [22, -0.6], [19, -9.0], [21, 2.4], [20, 2.4], [20, 1.8], [20, -0.6], [19, 90], [20, -90]]
#log = [[21, -0.6], [20, 0.0], [20, 0.0], [20, 0.0], [19, -5.4], [20, 0.0], [21, 0.0], [20, 0.0], [20, 0.0], [19, 0.0], [20, -9.0], [21, -5.4], [19, -28.2], [20, -27.0], [20, -14.4], [21, -6.6], [20, -6.6], [19, 3.0], [21, -1.8], [19, -11.4], [21, 4.2], [19, 4.2], [21, -0.6], [19, -10.8], [19, 1.2], [21, 1.2], [19, 1.2], [22, 0.6], [19, -43.5], [21, -14.4], [20, -9.6], [19, -12.6], [21, -4.2], [19, -4.2], [21, 3.6], [20, -9.6], [19, -1.8], [20, -1.8], [20, -1.8], [20, -7.2], [20, -27.6], [20, -27.6], [20, -13.8], [20, -9.6], [20, -3.6], [20, -9.0], [20, -1.8], [20, -1.8], [21, -1.8], [20, -7.2], [20, -1.2], [19, -0.6], [20, -0.6], [21, -0.6], [20, 0.6], [19, 0.6], [20, 0.6], [20, 0.6], [20, -2.4], [20, -6.6], [19, 3.6], [21, 3.6], [20, -0.6], [20, -0.6], [20, -0.6], [20, -0.6], [21, -0.6], [20, -9.0], [19, 5.4], [20, -90], [21, 90]]
#log = [[50, -0.6], [49, 0.0], [50, 0.0], [51, -10.8], [50, -11.4], [50, -90], [50, -25.8], [53, 7.2], [47, 23.4], [50, 28.2], [50, -7.2], [50, -27.0], [50, -27.0], [50, -57.75], [50, -57.75], [49, 3.6], [51, 58.5], [49, 24.0], [51, -20.4], [50, -58.5], [49, -58.5], [51, -26.4], [50, -14.4], [50, 12.0], [50, 23.4], [50, 13.2], [49, -12.6], [51, -27.0], [49, -27.0], [51, 13.8], [50, 26.4], [50, 23.4], [50, -15.6], [50, -47.25], [50, 90], [49, -90]]
#log = [[26, -0.6], [25, 0.0], [25, 0.0], [24, 0.0], [25, -10.8], [25, -9.0], [25, -0.6], [25, 6.0], [26, 6.0], [24, 0.0], [24, -57.75], [26, -27.6], [25, -24.0], [25, -9.0], [26, 0.0], [24, 0.0], [26, 0.0], [24, 4.2], [25, 4.2], [25, -0.6], [24, -9.0], [26, -4.2], [25, 2.4], [25, 12.6], [25, -24.6], [24, -57.75], [26, -18.6], [26, -4.2], [25, -4.2], [24, -3.0], [26, -3.0], [24, 1.8], [25, 7.2], [26, 1.8], [23, -1.8], [26, -27.0], [24, -51.0], [26, -19.2], [25, -11.4], [25, -11.4], [26, -1.8], [24, 9.0], [26, 4.2], [25, -0.6], [23, -11.4], [25, -5.4], [24, -6.0], [27, 1.8], [24, 13.8], [25, 7.2], [25, -8.400001], [25, -18.6], [27, -0.6], [25, 4.2], [24, 12.0], [25, -0.6], [25, -9.0], [25, -5.4], [25, -0.6], [25, -0.6], [24, 90], [25, -90]]
#log = [[27, -0.6], [24, 0.0], [26, 0.0], [22, -7.2], [25, -7.2], [27, 0.0], [25, 5.4], [25, 5.4], [25, 0.0], [24, -11.4], [25, -44.25], [25, -40.5], [26, -10.8], [25, -10.8], [25, 2.4], [24, 5.4], [26, 5.4], [24, -5.4], [25, -11.4], [26, -1.8], [25, 3.0], [24, 3.6], [25, -1.2], [25, -1.2], [25, -29.4], [25, -42.75], [25, -26.4], [24, -9.0], [26, 0.0], [25, 11.4], [25, 2.4], [25, 2.4], [24, -10.8], [25, -10.8], [26, 2.4], [24, -24.6], [26, -28.8], [25, -28.8], [25, -16.8], [25, -11.4], [26, 0.0], [24, 8.400001], [25, 3.0], [25, -0.6], [24, -12.0], [26, -4.2], [25, 0.6], [24, 12.0], [26, 2.4], [25, 2.4], [24, -57.75], [26, -25.8], [25, -20.4], [25, -20.4], [25, -1.8], [25, 1.8], [25, 1.8], [25, 1.8], [25, 1.8], [25, -1.8], [24, -9.0], [26, -5.4], [25, 10.2], [24, -90], [26, 90]]
#log = [[31, 0], [31, 0], [29, 0], [29, -57.75], [30, -26.4], [30, -22.2], [30, 0], [30, 0], [30, 0], [30, 0], [30, 0], [31, 0], [29, 0], [31, 0], [29, 0], [30, -53.25], [30, -27.0], [30, -22.2], [30, 0], [30, 0], [30, 0], [31, 0], [30, 0], [29, 0], [30, 0], [30, -90], [31, 0], [30, 0], [29, 0], [30, 0], [30, -21.6], [30, 0], [31, 0], [30, 0], [29, 0], [31, 0], [30, 0], [30, 0], [29, 0], [30, 0], [31, 0], [29, 0], [30, -18.0], [31, 0], [30, 0], [29, -90], [30, 90]]
#log = [[31, 0], [30, 0], [30, 0], [30, 0], [29, 0], [30, 0], [31, 0], [29, -10.8], [30, -11.4], [31, 0], [30, 15.0], [30, 0], [30, 0], [30, 0], [30, 0], [30, 0], [29, -15.0], [31, 0], [30, 0], [29, -13.8], [31, 90], [30, 18.0], [30, 0], [30, 0], [30, 0], [29, -22.2], [31, 0], [29, 0], [30, 0], [30, 58.5], [30, 25.8], [30, 18.0], [30, 0], [31, -11.4], [30, -11.4], [30, 0], [30, 0], [30, 12.0], [30, 0], [30, 0], [29, 0], [30, 29.4], [30, 58.5], [31, 23.4], [30, 0], [30, -15.0], [29, -15.0], [30, -13.8], [31, 0], [30, 0], [30, 0], [29, -57.75], [30, -24.0], [30, -24.6], [31, 0], [30, 0], [30, 0], [30, 0], [30, 0], [29, 90], [30, -90]]
#log = [[31, 0], [29, 0], [30, 0], [30, 0], [31, 0], [29, 0], [30, 0], [30, 0], [30, 0], [30, 0], [31, 0], [28, -90], [31, 90]]
#log = [[30, 0], [30, 0], [29, 0], [30, 0], [30, 0], [30, 0], [30, 0], [30, 14.4], [30, 22.8], [30, 19.2], [31, 13.2], [29, 13.2], [31, 0], [30, 11.4], [29, 19.2], [30, 16.8], [30, 11.4], [30, 11.4], [30, 19.2], [30, 13.2], [30, 16.8], [30, 17.4], [30, 18.0], [30, 0], [31, 0], [29, 24.6], [31, 24.6], [28, 11.4], [32, 0], [29, 0], [29, 18.0], [30, 19.2], [31, 0], [30, -25.8], [30, -15.6], [31, 0], [29, 0], [30, 0], [30, 0], [30, -24.6], [30, -25.2], [30, -11.4], [30, -12.0], [30, -16.8], [30, -17.4], [30, -20.4], [30, -17.4], [30, -17.4], [30, -23.4], [30, 0], [30, -22.2], [30, -13.8], [30, -10.2], [30, 0], [30, -14.4], [30, -10.2], [30, -26.4], [30, -30.0], [29, -18.6], [31, 0], [30, 0], [30, 0], [29, 0], [30, -51.0], [32, -27.6], [29, -22.2]]
#log = [[31, 0], [30, 0], [30, 0], [30, 0], [29, 0], [31, 22.2], [30, 17.4], [30, 0], [29, 0], [30, 15.0], [31, 15.0], [29, 18.6], [31, 18.6], [30, 13.8], [29, 0], [30, 0], [30, 21.6], [30, 13.8], [31, 0], [29, 0], [31, 11.4], [30, 0], [30, 0], [30, 12.0], [30, 0], [30, 0], [29, 0], [30, 0], [31, 0], [29, 0], [30, 0], [30, 10.8], [31, 13.8], [30, 23.4], [30, 13.8], [30, 13.8], [29, 0], [30, 0], [30, 0], [30, 24.0], [30, 26.4], [31, 0], [29, 0], [31, 25.2], [30, 25.2], [30, 12.0], [30, 0], [30, -10.8], [29, -10.8], [30, 0], [30, 0], [30, 0], [30, 0], [30, 13.8], [31, 10.2], [30, 0], [29, -21.0], [31, -15.0], [29, 11.4], [30, 24.0], [30, 21.0], [30, 0], [30, 0], [29, 15.0], [31, 15.0], [31, 19.8], [29, 23.4], [30, 12.6], [30, 12.6], [30, 0], [31, 0], [29, 13.8], [30, 0], [30, 0], [30, 13.2], [30, 12.6], [31, 0], [30, 0], [29, 0], [30, 0], [30, 13.2], [30, 12.6], [30, 0], [30, 0], [30, -13.8], [30, 0], [30, 24.6], [30, 24.6], [31, 16.2], [29, 15.0], [30, 0], [30, 0], [31, 0], [29, 24.0], [30, 26.4], [30, 11.4], [30, 11.4], [30, 13.2], [31, 13.2], [29, 10.8], [31, 0], [30, 0], [29, 0], [31, 0], [29, 0], [30, 0], [30, 0], [30, 0], [30, -12.0], [30, 0], [30, 12.6], [31, 12.6], [31, 22.2], [29, 0]]

